# average of cb1bs3_ax6  001  .. 005
#------------------------
#   energy      xmu       norm
  11766.930       0.71432720E-01   0.94553987E-03
  11771.930       0.68972920E-01  -0.15634042E-02
  11777.000       0.68953592E-01  -0.12854249E-02
  11782.070       0.69624855E-01  -0.21999120E-03
  11787.090       0.70906588E-01   0.15385809E-02
  11792.050       0.70228347E-01   0.10587159E-02
  11796.950       0.71186645E-01   0.24413851E-02
  11801.980       0.67490257E-01  -0.14758183E-02
  11806.950       0.67635898E-01  -0.10156493E-02
  11811.990       0.67655052E-01  -0.69556620E-03
  11816.970       0.67966766E-01  -0.45438298E-04
  11821.950       0.67721625E-01  -0.30271141E-04
  11826.940       0.67793827E-01   0.34734184E-03
  11832.000       0.70920419E-01   0.42119048E-02
  11836.930       0.70909167E-01   0.44908071E-02
  11842.000       0.72117919E-01   0.61691211E-02
  11847.000       0.75905225E-01   0.10783521E-01
  11847.430       0.75944227E-01   0.10853440E-01
  11847.980       0.75440261E-01   0.10311332E-01
  11848.470       0.78418382E-01   0.13736169E-01
  11848.840       0.77185489E-01   0.12352242E-01
  11849.510       0.78274750E-01   0.13633933E-01
  11849.940       0.78927980E-01   0.14404232E-01
  11850.490       0.77207708E-01   0.12475216E-01
  11851.040       0.78699425E-01   0.14208712E-01
  11851.460       0.80444972E-01   0.16223948E-01
  11851.950       0.79448953E-01   0.15117221E-01
  11852.500       0.80009531E-01   0.15788973E-01
  11852.930       0.80959983E-01   0.16898184E-01
  11853.480       0.82843977E-01   0.19078978E-01
  11854.030       0.84031721E-01   0.20465866E-01
  11854.520       0.82561685E-01   0.18818634E-01
  11855.010       0.84946673E-01   0.21567143E-01
  11855.440       0.85438011E-01   0.22152843E-01
  11855.930       0.88023032E-01   0.25129442E-01
  11856.540       0.87579604E-01   0.24659915E-01
  11856.970       0.90465434E-01   0.27975966E-01
  11857.520       0.90797285E-01   0.28386910E-01
  11857.950       0.93178229E-01   0.31127257E-01
  11858.440       0.95101602E-01   0.33349404E-01
  11858.930       0.97159779E-01   0.35725264E-01
  11859.540       0.98474688E-01   0.37260703E-01
  11859.970       0.10051685       0.39614746E-01
  11860.520       0.10383061       0.43425854E-01
  11860.950       0.10612465       0.46067103E-01
  11861.500       0.11044205       0.51022631E-01
  11861.930       0.11158601       0.52352484E-01
  11862.480       0.11537111       0.56701039E-01
  11862.970       0.11878672       0.60624734E-01
  11863.520       0.12321441       0.65706007E-01
  11863.950       0.12689868       0.69932491E-01
  11864.500       0.13509082       0.79306233E-01
  11864.930       0.13998820       0.84915984E-01
  11865.480       0.14971620       0.96041004E-01
  11865.970       0.15858214       0.10617951
  11866.520       0.17150086       0.12094279
  11867.010       0.18438279       0.13566058
  11867.440       0.20275048       0.15663002
  11867.990       0.22955586       0.18722775
  11868.420       0.25355717       0.21462100
  11869.040       0.30461897       0.27288158
  11869.460       0.35163160       0.32651319
  11870.020       0.42737614       0.41291504
  11870.450       0.52325448       0.52226701
  11870.940       0.64791341       0.66443999
  11871.490       0.80974727       0.84900571
  11872.040       0.98364252        1.0473246
  11872.470        1.1098908        1.1913062
  11873.020        1.2456073        1.3460914
  11873.450        1.3729920        1.4913688
  11873.940        1.5365268        1.6778705
  11874.490        1.8122622        1.9923139
  11874.990        2.0905693        2.3096869
  11875.540        2.4213025        2.6868423
  11875.970        2.6320833        2.9272134
  11876.460        2.6748614        2.9760206
  11876.950        2.5661121        2.8520468
  11877.500        2.3080438        2.5578135
  11877.930        2.0162437        2.2251102
  11878.480        1.7703643        1.9447755
  11878.980        1.5432948        1.6858860
  11879.530        1.4247392        1.5507340
  11879.960        1.3378776        1.4517144
  11880.510        1.2893617        1.3964261
  11881.000        1.2635016        1.3669678
  11881.430        1.2674290        1.3714715
  11881.920        1.2675659        1.3716566
  11882.540        1.2649647        1.3687273
  11883.030        1.2680353        1.3722576
  11883.520        1.2599352        1.3630502
  11884.010        1.2626228        1.3661438
  11884.440        1.2498517        1.3516069
  11885.000        1.2519799        1.3540667
  11885.430        1.2466209        1.3479814
  11886.040        1.2301641        1.3292525
  11886.470        1.2126919        1.3093550
  11886.960        1.1992697        1.2940791
  11887.830        1.1720119        1.2630496
  11888.750        1.1397713        1.2263413
  11889.670        1.1251251        1.2096952
  11890.590        1.1233013        1.2076700
  11891.580        1.1180933        1.2017902
  11892.560        1.1077935        1.1901037
  11893.550        1.1063853        1.1885564
  11894.530        1.1005410        1.1819505
  11895.580        1.0998118        1.1811811
  11896.630        1.0876694        1.1673977
  11897.800        1.0761570        1.1543398
  11898.850        1.0575096        1.1331390
  11899.890        1.0411502        1.1145465
  11901.130        1.0094587        1.0784832
  11902.240       0.98084092        1.0459171
  11903.410       0.95422753        1.0156401
  11904.640       0.91766196       0.97401850
  11905.810       0.87684399       0.92754452
  11907.050       0.84942850       0.89635701
  11908.280       0.82979141       0.87403835
  11909.580       0.81095768       0.85263987
  11910.880       0.79948222       0.83963176
  11912.170       0.79376406       0.83318789
  11913.470       0.79627000       0.83612225
  11914.830       0.80060929       0.84115065
  11916.250       0.81163554       0.85380751
  11917.550       0.82078791       0.86432055
  11919.030       0.82983464       0.87472377
  11920.330       0.84559593       0.89277272
  11921.880       0.85216977       0.90036035
  11923.360       0.87287793       0.92406068
  11924.720       0.88287917       0.93554520
  11926.330       0.89546284       0.94998917
  11927.760       0.91388800       0.97108332
  11929.310       0.92681200       0.98591181
  11930.920       0.93405438       0.99426529
  11932.400       0.95120570        1.0139099
  11934.080       0.97001997        1.0354625
  11935.630       0.97255707        1.0384472
  11937.300       0.99658265        1.0659415
  11938.850       0.99656451        1.0660125
  11940.590       0.99589060        1.0653471
  11942.200        1.0081995        1.0794777
  11944.000        1.0130814        1.0851509
  11945.740        1.0064759        1.0777219
  11947.480        1.0119106        1.0840218
  11949.160        1.0119660        1.0841843
  11951.030        1.0163241        1.0892644
  11952.830        1.0168664        1.0899894
  11954.570        1.0186906        1.0921724
  11956.440        1.0144608        1.0874600
  11958.300        1.0101788        1.0826874
  11960.170        1.0090739        1.0815381
  11962.040        1.0044875        1.0764191
  11964.040        1.0088775        1.0815432
  11965.970        1.0073111        1.0798713
  11967.900        1.0047925        1.0771136
  11969.830        1.0062128        1.0788474
  11971.830       0.99382868        1.0648446
  11973.890       0.99758800        1.0692531
  11975.890       0.98327111        1.0530464
  11977.880       0.97880841        1.0480755
  11979.950       0.97020638        1.0383894
  11982.070       0.96369010        1.0310846
  11984.260       0.94721520        1.0124285
  11986.320       0.94020991        1.0045625
  11988.450       0.92472861       0.98703580
  11990.640       0.93092721       0.99423343
  11992.830       0.91340475       0.97438281
  11995.020       0.91089623       0.97165203
  11997.210       0.89877452       0.95795969
  11999.470       0.90527624       0.96550709
  12001.730       0.90206169       0.96197539
  12003.990       0.89765805       0.95708783
  12006.310       0.90508537       0.96569421
  12008.630       0.90295881       0.96340666
  12010.950       0.90508114       0.96596396
  12013.280       0.90300824       0.96373818
  12015.670       0.90696827       0.96839510
  12018.050       0.91160138       0.97381889
  12020.450       0.91560108       0.97852162
  12022.900       0.91252441       0.97515839
  12025.290       0.90837954       0.97057357
  12027.810       0.91726583       0.98085540
  12030.330       0.91696425       0.98066065
  12032.790       0.91544492       0.97907378
  12035.310       0.92095025       0.98550043
  12037.900       0.91918608       0.98364207
  12040.420       0.92006169       0.98478962
  12043.010       0.93707822        1.0043462
  12045.540       0.91919368       0.98410284
  12048.250       0.93149809       0.99829346
  12050.910       0.92750346       0.99389594
  12053.500       0.93080841       0.99781772
  12056.160       0.92585916       0.99233167
  12058.940       0.92820485       0.99517089
  12061.600       0.92796846       0.99505874
  12064.390       0.92440504       0.99116061
  12067.050       0.92200622       0.98858272
  12069.910       0.92872038       0.99640788
  12072.640       0.91904154       0.98553301
  12075.490       0.92186259       0.98891839
  12078.350       0.92201001       0.98925572
  12081.210       0.92261239       0.99011184
  12084.070       0.91859694       0.98570241
  12086.930       0.91388386       0.98049750
  12089.860       0.92142461       0.98926932
  12092.790       0.91917985       0.98688309
  12095.720       0.91038603       0.97702920
  12098.710       0.90585546       0.97204010
  12101.640       0.91533875       0.98302693
  12104.640       0.90249752       0.96856206
  12107.710       0.90015009       0.96606705
  12110.710       0.89641561       0.96198629
  12113.770       0.90319938       0.96990264
  12116.780       0.89679176       0.96277438
  12119.980       0.88950552       0.95465551
  12123.110       0.89127458       0.95685793
  12126.250       0.89028548       0.95591590
  12129.390       0.88169028       0.94630092
  12132.530       0.88633490       0.95178283
  12135.730       0.88131791       0.94625149
  12138.940       0.88745176       0.95343565
  12142.210       0.88157199       0.94692467
  12145.420       0.87842972       0.94353160
  12148.700       0.87678143       0.94184622
  12151.920       0.88415154       0.95044063
  12155.260       0.87562663       0.94091762
  12158.540       0.87656863       0.94218584
  12161.890       0.87597395       0.94170600
  12165.240       0.87948083       0.94590300
  12168.730       0.87166723       0.93719996
  12172.140       0.87796275       0.94458029
  12175.570       0.86413773       0.92901911
  12178.990       0.86571866       0.93102416
  12182.410       0.86202361       0.92701321
  12185.840       0.87106394       0.93752453
  12189.330       0.86554417       0.93143706
  12192.960       0.87199864       0.93901166
  12196.390       0.86694454       0.93345163
  12200.020       0.86065773       0.92649782
  12203.590       0.86656016       0.93343940
  12207.160       0.85943558       0.92552676
  12210.790       0.86038474       0.92682385
  12214.430       0.85721351       0.92342322
  12218.130       0.86342511       0.93072502
  12221.780       0.85660473       0.92316398
  12225.490       0.84747148       0.91296921
  12229.200       0.84715421       0.91282699
  12232.910       0.85104190       0.91747952
  12236.630       0.84537666       0.91123979
  12240.410       0.84581006       0.91195765
  12244.130       0.83273189       0.89726523
  12247.990       0.83494411       0.90001616
  12251.850       0.84101087       0.90716227
  12255.570       0.83958738       0.90575926
  12259.440       0.83250436       0.89791176
  12263.360       0.83274562       0.89841882
  12267.230       0.82409240       0.88878088
  12271.230       0.81629339       0.88012466
  12275.100       0.82006818       0.88465792
  12278.980       0.80523957       0.86797901
  12283.050       0.81568701       0.88013267
  12287.060       0.80821479       0.87184967
  12291.070       0.81121514       0.87550815
  12295.160       0.80643462       0.87029913
  12299.170       0.80714146       0.87134241
  12303.260       0.80511764       0.86927674
  12307.350       0.80571288       0.87019750
  12311.440       0.81410551       0.88000933
  12315.610       0.78661739       0.84891240
  12319.640       0.79706886       0.86106830
  12323.800       0.79151296       0.85497928
  12328.040       0.79199368       0.85577834
